Definitions:
 
The logarithm of the Rosseland mean opacity [cm**2/g] as a function
of log(T) for columns of constant log(R), where
 
    R=density[g/cm**3]/T6**3, T6=1.e-6*T[degrees]
    log(T) range: 70 values from 3.75 to 8.70
    log(R) range: 19 values from -8.0 to +1.0

 NOTE: Tables are NOT rectangular
       values=9.999 or blanks are out of table range

                                              log R

logT  -8.0   -7.5   -7.0   -6.5   -6.0   -5.5   -5.0   -4.5   -4.0   -3.5   -3.0   -2.5   -2.0   -1.5   -1.0   -0.5    0.0    0.5    1.0
 
3.75  9.999 -0.886 -1.080 -1.289 -1.503 -1.715 -1.913 -2.077 -2.179 -2.182 -2.085 -1.914 -1.694 -1.441 -1.156 -0.830 -0.457 -0.051  0.359
3.80  9.999 -0.541 -0.622 -0.745 -0.898 -1.063 -1.223 -1.354 -1.429 -1.428 -1.347 -1.199 -1.011 -0.799 -0.567 -0.315 -0.035  0.281  0.636
3.85  9.999 -0.466 -0.459 -0.460 -0.480 -0.526 -0.587 -0.642 -0.667 -0.649 -0.580 -0.467 -0.318 -0.142  0.055  0.270  0.505  0.765  1.054
3.90  9.999 -0.465 -0.442 -0.400 -0.331 -0.234 -0.132 -0.040  0.035  0.104  0.179  0.269  0.380  0.515  0.673  0.852  1.054  1.279  1.528
3.95  9.999 -0.471 -0.450 -0.406 -0.318 -0.167  0.049  0.306  0.544  0.727  0.860  0.964  1.062  1.166  1.286  1.427  1.592  1.781  1.994
4.00  9.999 -0.468 -0.455 -0.419 -0.339 -0.184  0.064  0.396  0.763  1.096  1.348  1.524  1.652  1.757  1.859  1.972  2.103  2.257  2.433
4.05  9.999 -0.450 -0.442 -0.418 -0.354 -0.215  0.025  0.370  0.783  1.207  1.586  1.880  2.086  2.233  2.348  2.453  2.564  2.689  2.832
4.10  9.999 -0.435 -0.425 -0.402 -0.348 -0.231 -0.018  0.305  0.716  1.170  1.622  2.023  2.340  2.569  2.729  2.854  2.963  3.073  3.194
4.15  9.999 -0.418 -0.405 -0.384 -0.334 -0.227 -0.035  0.256  0.640  1.087  1.560  2.026  2.442  2.771  3.007  3.175  3.303  3.414  3.525
4.20  9.999 -0.415 -0.392 -0.362 -0.312 -0.215 -0.039  0.232  0.592  1.017  1.485  1.974  2.447  2.864  3.193  3.425  3.593  3.724  3.837
4.25  9.999 -0.418 -0.395 -0.362 -0.305 -0.204 -0.037  0.214  0.556  0.974  1.434  1.922  2.414  2.891  3.300  3.611  3.836  4.003  4.135
4.30  9.999 -0.413 -0.391 -0.358 -0.304 -0.205 -0.037  0.213  0.546  0.956  1.417  1.904  2.399  2.901  3.362  3.747  4.036  4.250  4.416
4.35  9.999 -0.402 -0.380 -0.345 -0.292 -0.202 -0.045  0.201  0.540  0.956  1.419  1.909  2.416  2.923  3.411  3.851  4.203  4.464  4.669
4.40  9.999 -0.392 -0.368 -0.327 -0.268 -0.180 -0.034  0.198  0.535  0.962  1.440  1.942  2.449  2.967  3.474  3.945  4.345  4.654  4.888
4.45  9.999 -0.386 -0.361 -0.313 -0.240 -0.138  0.010  0.235  0.562  0.984  1.471  1.988  2.508  3.034  3.549  4.041  4.473  4.819  5.081
4.50  9.999 -0.379 -0.353 -0.303 -0.218 -0.093  0.074  0.306  0.628  1.040  1.521  2.039  2.574  3.109  3.632  4.137  4.588  4.959  5.239
4.55  9.999 -0.378 -0.354 -0.308 -0.223 -0.082  0.121  0.383  0.717  1.127  1.597  2.103  2.640  3.179  3.710  4.221  4.681  5.064  5.346
4.60  9.999 -0.379 -0.354 -0.307 -0.227 -0.086  0.133  0.431  0.799  1.223  1.688  2.181  2.704  3.237  3.767  4.274  4.731  5.112  5.389
4.65  9.999 -0.382 -0.360 -0.319 -0.241 -0.101  0.123  0.437  0.834  1.286  1.761  2.249  2.753  3.268  3.784  4.277  4.721  5.094  5.367
4.70  9.999 -0.379 -0.360 -0.325 -0.258 -0.128  0.095  0.416  0.821  1.286  1.778  2.275  2.770  3.266  3.760  4.230  4.658  5.021  5.295
4.75  9.999 -0.379 -0.360 -0.324 -0.264 -0.149  0.057  0.373  0.781  1.245  1.739  2.244  2.744  3.230  3.705  4.155  4.568  4.923  5.201
4.80  9.999 -0.376 -0.359 -0.328 -0.270 -0.163  0.025  0.320  0.715  1.178  1.672  2.178  2.683  3.174  3.640  4.077  4.476  4.823  5.101
4.85  9.999 -0.366 -0.347 -0.317 -0.265 -0.168  0.009  0.285  0.658  1.108  1.603  2.111  2.617  3.111  3.580  4.013  4.402  4.738  5.010
4.90  9.999 -0.350 -0.333 -0.303 -0.253 -0.163  0.000  0.260  0.617  1.050  1.537  2.050  2.561  3.057  3.531  3.965  4.346  4.669  4.926
4.95  9.999 -0.326 -0.307 -0.279 -0.230 -0.142  0.013  0.258  0.600  1.021  1.496  2.005  2.521  3.018  3.494  3.929  4.302  4.607  4.838
5.00  9.999 -0.289 -0.271 -0.242 -0.195 -0.110  0.038  0.271  0.599  1.009  1.478  1.982  2.494  2.992  3.465  3.895  4.258  4.540  4.741
5.05  9.999 -0.222 -0.205 -0.179 -0.134 -0.053  0.087  0.308  0.621  1.016  1.475  1.972  2.478  2.971  3.434  3.850  4.195  4.453  4.630
5.10  9.999 -0.143 -0.122 -0.092 -0.051  0.024  0.158  0.368  0.664  1.042  1.483  1.967  2.466  2.947  3.391  3.779  4.101  4.339  4.503
5.15  9.999 -0.087 -0.044  0.000  0.052  0.130  0.256  0.451  0.727  1.081  1.501  1.967  2.450  2.914  3.326  3.678  3.974  4.202  4.368
5.20  9.999 -0.062 -0.005  0.062  0.141  0.237  0.369  0.554  0.806  1.134  1.531  1.972  2.431  2.868  3.240  3.554  3.827  4.054  4.225
5.25  9.999 -0.079 -0.006  0.077  0.178  0.305  0.462  0.654  0.892  1.189  1.557  1.975  2.407  2.811  3.143  3.418  3.672  3.901  4.077
5.30  9.999 -0.156 -0.060  0.046  0.164  0.309  0.492  0.706  0.947  1.231  1.572  1.965  2.374  2.744  3.040  3.284  3.522  3.749  3.932
5.35  9.999 -0.249 -0.163 -0.047  0.096  0.264  0.464  0.700  0.961  1.244  1.566  1.937  2.324  2.668  2.936  3.157  3.381  3.601  3.798
5.40  9.999 -0.331 -0.262 -0.164 -0.029  0.155  0.383  0.643  0.928  1.228  1.547  1.895  2.260  2.585  2.834  3.039  3.251  3.464  9.999
5.45  9.999 -0.387 -0.342 -0.267 -0.150  0.016  0.245  0.531  0.848  1.176  1.510  1.849  2.192  2.500  2.737  2.931  3.131  3.341  9.999
5.50  9.999 -0.414 -0.389 -0.342 -0.257 -0.116  0.095  0.383  0.733  1.099  1.456  1.800  2.129  2.420  2.645  2.831  3.024  3.230  9.999
5.55  9.999 -0.428 -0.413 -0.384 -0.328 -0.224 -0.041  0.236  0.600  1.003  1.392  1.746  2.070  2.348  2.560  2.740  2.928  9.999  9.999
5.60  9.999 -0.433 -0.425 -0.407 -0.370 -0.295 -0.151  0.100  0.469  0.900  1.322  1.692  2.013  2.281  2.485  2.660  2.844  9.999  9.999
5.65  9.999 -0.436 -0.430 -0.418 -0.394 -0.341 -0.231 -0.016  0.339  0.794  1.246  1.637  1.958  2.218  2.417  2.590  2.767  9.999  9.999
5.70  9.999 -0.437 -0.432 -0.423 -0.405 -0.367 -0.286 -0.110  0.215  0.678  1.164  1.577  1.904  2.159  2.354  2.528  9.999  9.999  9.999
5.75  9.999 -0.439 -0.434 -0.427 -0.412 -0.383 -0.319 -0.181  0.099  0.548  1.064  1.507  1.845  2.100  2.296  2.470  9.999  9.999  9.999
5.80  9.999 -0.439 -0.436 -0.428 -0.415 -0.391 -0.338 -0.224  0.012  0.426  0.948  1.423  1.778  2.038  2.240  2.419  9.999  9.999  9.999
5.85  9.999 -0.439 -0.436 -0.430 -0.417 -0.395 -0.349 -0.251 -0.048  0.323  0.833  1.329  1.705  1.975  2.184  2.372  9.999  9.999  9.999
5.90  9.999 -0.438 -0.436 -0.430 -0.419 -0.398 -0.355 -0.266 -0.086  0.245  0.731  1.234  1.631  1.913  2.131  2.325  9.999  9.999  9.999
5.95  9.999 -0.437 -0.434 -0.429 -0.419 -0.399 -0.359 -0.276 -0.110  0.192  0.646  1.147  1.560  1.857  2.085  2.288  9.999  9.999  9.999
6.00  9.999 -0.434 -0.430 -0.425 -0.415 -0.397 -0.359 -0.281 -0.125  0.157  0.583  1.071  1.494  1.808  2.048  2.256  9.999  9.999  9.999
6.10  9.999 -0.434 -0.426 -0.415 -0.401 -0.381 -0.346 -0.278 -0.138  0.120  0.506  0.961  1.388  1.728  1.988  2.187  9.999  9.999  9.999
6.20  9.999 -0.441 -0.436 -0.425 -0.403 -0.370 -0.323 -0.250 -0.125  0.105  0.467  0.900  1.316  1.658  1.902  2.081  9.999  9.999  9.999
6.30  9.999 -0.444 -0.443 -0.438 -0.427 -0.400 -0.343 -0.243 -0.093  0.131  0.460  0.867  1.257  1.562  1.761  1.915  9.999  9.999  9.999
6.40  9.999 -0.445 -0.444 -0.442 -0.437 -0.424 -0.391 -0.306 -0.130  0.140  0.475  0.843  1.178  1.419  1.581  1.718  9.999  9.999  9.999
6.50  9.999 -0.446 -0.446 -0.444 -0.441 -0.432 -0.411 -0.357 -0.223  0.046  0.407  0.757  1.037  1.235  1.375  1.558  9.999  9.999  9.999
6.60  9.999 -0.447 -0.447 -0.446 -0.443 -0.438 -0.422 -0.382 -0.283 -0.075  0.252  0.586  0.843  1.024  1.174  1.377  9.999  9.999  9.999
6.70  9.999 -0.448 -0.448 -0.447 -0.445 -0.442 -0.431 -0.401 -0.326 -0.165  0.101  0.395  0.633  0.809  0.974  1.207  9.999  9.999  9.999
6.80  9.999 -0.449 -0.449 -0.448 -0.447 -0.444 -0.437 -0.416 -0.361 -0.240 -0.033  0.214  0.429  0.607  0.794  1.045  9.999  9.999  9.999
6.90  9.999 -0.450 -0.450 -0.449 -0.447 -0.445 -0.440 -0.425 -0.386 -0.298 -0.141  0.059  0.254  0.441  0.650  0.939  9.999  9.999  9.999
7.00  9.999 -0.452 -0.452 -0.451 -0.449 -0.446 -0.439 -0.426 -0.396 -0.330 -0.211 -0.048  0.132  0.322  0.548  0.830  9.999  9.999  9.999
7.10  9.999 -0.454 -0.454 -0.453 -0.452 -0.449 -0.442 -0.426 -0.394 -0.336 -0.238 -0.101  0.062  0.240  0.455  0.723  9.999  9.999  9.999
7.20  9.999 -0.456 -0.456 -0.456 -0.455 -0.453 -0.447 -0.433 -0.399 -0.338 -0.245 -0.124  0.012  0.161  0.358  0.604  9.999  9.999  9.999
7.30  9.999 -0.459 -0.459 -0.459 -0.458 -0.457 -0.453 -0.442 -0.415 -0.358 -0.269 -0.160 -0.050  0.074  0.248  0.485  9.999  9.999  9.999
7.40  9.999 -0.462 -0.462 -0.462 -0.462 -0.461 -0.459 -0.451 -0.432 -0.389 -0.314 -0.221 -0.128 -0.019  0.142  0.381  9.999  9.999  9.999
7.50  9.999 -0.467 -0.467 -0.467 -0.467 -0.466 -0.464 -0.459 -0.446 -0.416 -0.362 -0.288 -0.206 -0.107  0.047  0.302  9.999  9.999  9.999
7.60  9.999 -0.472 -0.472 -0.472 -0.472 -0.472 -0.470 -0.467 -0.458 -0.437 -0.399 -0.343 -0.273 -0.184 -0.033  0.206  9.999  9.999  9.999
7.70  9.999 -0.479 -0.479 -0.479 -0.479 -0.478 -0.478 -0.475 -0.469 -0.454 -0.427 -0.385 -0.331 -0.249 -0.139  0.159  9.999  9.999  9.999
7.80  9.999 -0.487 -0.487 -0.487 -0.487 -0.487 -0.486 -0.484 -0.479 -0.469 -0.450 -0.421 -0.379 -0.330 -0.184  0.141  9.999  9.999  9.999
7.90  9.999 -0.497 -0.497 -0.497 -0.497 -0.497 -0.496 -0.495 -0.492 -0.484 -0.472 -0.454 -0.433 -0.395 -0.263  0.074  9.999  9.999  9.999
8.00  9.999 -0.510 -0.510 -0.509 -0.510 -0.509 -0.509 -0.508 -0.506 -0.502 -0.494 -0.492 -0.480 -0.513 -0.307  0.062  9.999  9.999  9.999
8.10  9.999  9.999  9.999  9.999  9.999  9.999  9.999  9.999  9.999  9.999  9.999  9.999  9.999  9.999  9.999  9.999  9.999  9.999  9.999
8.30  9.999  9.999  9.999  9.999  9.999  9.999  9.999  9.999  9.999  9.999  9.999  9.999  9.999  9.999  9.999  9.999  9.999  9.999  9.999
8.50  9.999  9.999  9.999  9.999  9.999  9.999  9.999  9.999  9.999  9.999  9.999  9.999  9.999  9.999  9.999  9.999  9.999  9.999  9.999
8.70  9.999  9.999  9.999  9.999  9.999  9.999  9.999  9.999  9.999  9.999  9.999  9.999  9.999  9.999  9.999  9.999  9.999  9.999  9.999
 